Pharos in-app beacon placement (pedestrian route -> autotune, 5ft drift, 20ft step)
Beacons listed as lat, lon (same order as the source sheet).
==============================================================================

### 81 St & N T 4.gpx
  route 244 ft via osrm-foot/bike | 4 beacons | worst drift 2.3 ft | angle 6°, cap 120, min-spacing none
   1. 40.788893, -73.962108
   2. 40.789000, -73.961945
   3. 40.789131, -73.961628
   4. 40.789199, -73.961337

### 81 St & N T 5.gpx
  route 189 ft via osrm-foot/bike | 3 beacons | worst drift 3.7 ft | angle 8°, cap 120, min-spacing none
   1. 40.788893, -73.962108
   2. 40.789030, -73.961885
   3. 40.789157, -73.961529

### 81 St & N T1.gpx
  route 154 ft via osrm-foot/bike | 3 beacons | worst drift 3.0 ft | angle 1°, cap 60, min-spacing 50
   1. 40.791221, -73.962425
   2. 40.791187, -73.962213
   3. 40.791043, -73.961933

### 81 St & N T2.gpx
  route 99 ft via osrm-foot/bike | 3 beacons | worst drift 0.5 ft | angle 1°, cap 60, min-spacing none
   1. 40.791543, -73.964564
   2. 40.791445, -73.964389
   3. 40.791349, -73.964325

### 81 St & N T3.gpx
  route 180 ft via osrm-foot/bike | 3 beacons | worst drift 3.7 ft | angle 6°, cap 200, min-spacing none
   1. 40.789394, -73.963891
   2. 40.789398, -73.963831
   3. 40.789836, -73.963874

### 97 St & N T1.gpx
  route 224 ft via osrm-foot/bike | 5 beacons | worst drift 3.8 ft | angle 3°, cap 90, min-spacing 30
   1. 40.791783, -73.962276
   2. 40.791876, -73.962202
   3. 40.792088, -73.962143
   4. 40.792157, -73.962032
   5. 40.792218, -73.961815

### 97 St & N T2.gpx
  route 10303 ft via osrm-foot/bike | 147 beacons | worst drift 3.0 ft | angle 1°, cap 800, min-spacing none
   1. 40.795925, -73.961371
   2. 40.796742, -73.960779
   3. 40.796761, -73.960733
   4. 40.796809, -73.960698
   5. 40.796849, -73.960701
   6. 40.798771, -73.959308
   7. 40.799296, -73.958915
   8. 40.799530, -73.958727
   9. 40.800152, -73.958268
  10. 40.800188, -73.958215
  11. 40.800199, -73.958145
  12. 40.800207, -73.958073
  13. 40.800221, -73.958004
  14. 40.800258, -73.957868
  15. 40.800312, -73.957742
  16. 40.800301, -73.957673
  17. 40.799241, -73.955137
  18. 40.798174, -73.952606
  19. 40.797106, -73.950076
  20. 40.797001, -73.949822
  21. 40.796971, -73.949763
  22. 40.796919, -73.949772
  23. 40.796867, -73.949794
  24. 40.796813, -73.949801
  25. 40.796760, -73.949786
  26. 40.796710, -73.949756
  27. 40.796670, -73.949707
  28. 40.796641, -73.949646
  29. 40.796596, -73.949607
  30. 40.794676, -73.951004
  31. 40.792755, -73.952402
  32. 40.791795, -73.953102
  33. 40.791779, -73.953077
  34. 40.791826, -73.953044
  35. 40.791917, -73.953225
  36. 40.792049, -73.953457
  37. 40.792091, -73.953503
  38. 40.792187, -73.953572
  39. 40.792533, -73.953783
  40. 40.792569, -73.953838
  41. 40.792642, -73.953946
  42. 40.792729, -73.954130
  43. 40.792761, -73.954188
  44. 40.792796, -73.954245
  45. 40.792835, -73.954295
  46. 40.792925, -73.954378
  47. 40.793022, -73.954445
  48. 40.793072, -73.954474
  49. 40.793108, -73.954515
  50. 40.793105, -73.954732
  51. 40.793108, -73.954804
  52. 40.793115, -73.954876
  53. 40.793137, -73.955018
  54. 40.793168, -73.955048
  55. 40.793216, -73.955064
  56. 40.793298, -73.955160
  57. 40.793331, -73.955217
  58. 40.793364, -73.955355
  59. 40.793358, -73.955421
  60. 40.793343, -73.955490
  61. 40.793333, -73.955561
  62. 40.793325, -73.955633
  63. 40.793321, -73.955777
  64. 40.793328, -73.955922
  65. 40.793343, -73.956211
  66. 40.793344, -73.956283
  67. 40.793342, -73.956356
  68. 40.793336, -73.956427
  69. 40.793325, -73.956498
  70. 40.793309, -73.956568
  71. 40.793289, -73.956635
  72. 40.793261, -73.956697
  73. 40.793229, -73.956756
  74. 40.793032, -73.957006
  75. 40.792998, -73.957063
  76. 40.792974, -73.957128
  77. 40.792958, -73.957197
  78. 40.792967, -73.957269
  79. 40.792980, -73.957339
  80. 40.793020, -73.957388
  81. 40.793106, -73.957478
  82. 40.793121, -73.957539
  83. 40.793118, -73.957611
  84. 40.793122, -73.957683
  85. 40.793143, -73.957750
  86. 40.793168, -73.957814
  87. 40.793197, -73.957876
  88. 40.793293, -73.958214
  89. 40.793313, -73.958356
  90. 40.793317, -73.958429
  91. 40.793317, -73.958573
  92. 40.793295, -73.958934
  93. 40.793300, -73.959079
  94. 40.793318, -73.959221
  95. 40.793342, -73.959363
  96. 40.793369, -73.959503
  97. 40.793422, -73.959506
  98. 40.793476, -73.959520
  99. 40.793634, -73.959580
  100. 40.793687, -73.959597
  101. 40.794161, -73.959773
  102. 40.794216, -73.959770
  103. 40.794270, -73.959760
  104. 40.794378, -73.959733
  105. 40.794433, -73.959729
  106. 40.794487, -73.959739
  107. 40.794539, -73.959759
  108. 40.794617, -73.959657
  109. 40.794664, -73.959620
  110. 40.794715, -73.959598
  111. 40.794768, -73.959614
  112. 40.794866, -73.959677
  113. 40.794901, -73.959728
  114. 40.794950, -73.959857
  115. 40.794967, -73.959926
  116. 40.794974, -73.959998
  117. 40.794973, -73.960142
  118. 40.794979, -73.960214
  119. 40.794996, -73.960283
  120. 40.795017, -73.960350
  121. 40.795036, -73.960418
  122. 40.795046, -73.960489
  123. 40.795050, -73.960561
  124. 40.795051, -73.960633
  125. 40.795055, -73.960705
  126. 40.795076, -73.960772
  127. 40.795108, -73.960831
  128. 40.795146, -73.960883
  129. 40.795187, -73.960929
  130. 40.795239, -73.960950
  131. 40.795339, -73.961010
  132. 40.795389, -73.961038
  133. 40.795699, -73.961184
  134. 40.795753, -73.961200
  135. 40.795807, -73.961210
  136. 40.795840, -73.961158
  137. 40.795866, -73.961094
  138. 40.795884, -73.961026
  139. 40.795904, -73.960884
  140. 40.795946, -73.960857
  141. 40.796108, -73.960817
  142. 40.796160, -73.960798
  143. 40.796206, -73.960757
  144. 40.796248, -73.960732
  145. 40.796253, -73.960660
  146. 40.796281, -73.960626
  147. 40.796289, -73.960627

### 97 St & N T3.gpx
  route 80 ft via osrm-foot/bike | 3 beacons | worst drift 2.4 ft | angle 6°, cap 60, min-spacing none
   1. 40.791764, -73.962296
   2. 40.791729, -73.962294
   3. 40.791681, -73.962088

### 97 St & N T4.gpx
  route 128 ft via osrm-foot/bike | 3 beacons | worst drift 4.7 ft | angle 8°, cap 60, min-spacing 50
   1. 40.793778, -73.958059
   2. 40.794036, -73.958150
   3. 40.794100, -73.958096

### 97 St & N T5.gpx
  route 118 ft via osrm-foot/bike | 3 beacons | worst drift 4.7 ft | angle 8°, cap 60, min-spacing 50
   1. 40.793778, -73.958059
   2. 40.794036, -73.958150
   3. 40.794079, -73.958116

### Central Park S & N T 4.gpx
  route 534 ft via osrm-foot/bike | 8 beacons | worst drift 3.9 ft | angle 6°, cap 120, min-spacing none
   1. 40.773765, -73.975905
   2. 40.774049, -73.975685
   3. 40.774322, -73.975447
   4. 40.774439, -73.975314
   5. 40.774479, -73.975329
   6. 40.774581, -73.975075
   7. 40.774627, -73.974719
   8. 40.774628, -73.974595

### Central Park S & N T 5.gpx
  route 115 ft via osrm-foot/bike | 3 beacons | worst drift 1.4 ft | angle 1°, cap 60, min-spacing 50
   1. 40.772824, -73.973811
   2. 40.772757, -73.973613
   3. 40.772734, -73.973416

### Central Park S & N T1.gpx
  route 691 ft via osrm-foot/bike | 12 beacons | worst drift 3.6 ft | angle 4°, cap 200, min-spacing none
   1. 40.779137, -73.973142
   2. 40.779093, -73.973098
   3. 40.778922, -73.972822
   4. 40.778932, -73.972756
   5. 40.778980, -73.972725
   6. 40.779193, -73.972686
   7. 40.779281, -73.972772
   8. 40.779397, -73.972924
   9. 40.779445, -73.972959
  10. 40.779578, -73.972999
  11. 40.779148, -73.973442
  12. 40.778981, -73.973575

### Central Park S & N T2.gpx
  route 144 ft via osrm-foot/bike | 4 beacons | worst drift 2.0 ft | angle 2°, cap 60, min-spacing 30
   1. 40.778011, -73.966286
   2. 40.777940, -73.966176
   3. 40.777870, -73.965980
   4. 40.777798, -73.965856

### Central Park S & N T3.gpx
  route 740 ft via osrm-foot/bike | 19 beacons | worst drift 3.4 ft | angle 8°, cap 90, min-spacing none
   1. 40.775513, -73.971583
   2. 40.775345, -73.971399
   3. 40.775192, -73.971192
   4. 40.775094, -73.971129
   5. 40.774879, -73.971178
   6. 40.774662, -73.971219
   7. 40.774501, -73.971179
   8. 40.774362, -73.971075
   9. 40.774453, -73.970998
  10. 40.774483, -73.970938
  11. 40.774498, -73.970870
  12. 40.774498, -73.970798
  13. 40.774483, -73.970729
  14. 40.774453, -73.970669
  15. 40.774412, -73.970622
  16. 40.774362, -73.970592
  17. 40.774308, -73.970585
  18. 40.774292, -73.970523
  19. 40.774320, -73.970383

